 -6.785470656137918E-002
  6.264714311919502E-002
 -6.355430184519804E-002
 -6.780864561906448E-002
  5.086004381745751E-002
  5.071153881815604E-002
  0.120016128832791
 -1.954479724357750E-002
  1.959996312435813E-002
  0.119049738731948
  0.140269570175109
   0.00000000000000
   0.00000000000000
   0.00000000000000
   0.00000000000000
   0.00000000000000
   0.00000000000000
   0.00000000000000
 -1.959930175977660E-002
 -1.954420693906578E-002
  0.120018898547834
 -5.085525105400170E-002
 -6.780574710479240E-002
 -6.355343197671152E-002
  6.264460211230678E-002
  6.784935317665752E-002
  5.070763839066549E-002
  0.119060091603885
   0.00000000000000
   0.00000000000000
   0.00000000000000
   0.00000000000000
   0.00000000000000
   0.00000000000000
 -0.140281982939288
   0.00000000000000

